
Балон с пестицидами
SetPlayerAttachedObject(playerid, 0, 1672, 1, 0.0000, -0.2679, 0.0000, 0.0000, 88.9999, -38.4000, 3.8949, 3.8449, 2.9869, 0, 0);

Рука шокер
SetPlayerAttachedObject(playerid, 0, 18642, 13, 0.3439, -0.0089, -0.0149, 62.7999, -90.8999, -169.9000, 1.9299, 5.4159, 3.0649, 0, 0);

Щит шокер
SetPlayerAttachedObject(playerid, 0, 18642, 13, 0.1570, -0.0009, 0.0449, 99.9000, 96.2000, -8.7000, 8.5089, 2.3310, 5.7580, 0, 0);

Пестициды
SetPlayerAttachedObject(playerid, 0, 2057, 1, 0.0719, -0.0559, -0.0089, 96.9999, 87.4000, 0.0000, 0.4439, 0.7089, 0.9879, 0, 0); 

Сумка золотая
SetPlayerAttachedObject(playerid, 0, 957, 1, 0.1080, -0.1949, 0.0010, -3.0999, -91.4999, 0.0000, 1.8289, 0.9709, 5.9059, 0, 0);

Разбрызгиватель удобрений
SetPlayerAttachedObject(playerid, 0, 2921, 1, 0.3199, -0.5809, -0.2310, -88.0000, 26.5000, 32.5999, 0.7379, 0.7209, 0.6280, -1, 0);

Скайборд
SetPlayerAttachedObject(playerid, 0, 18653, 1, 0.0519, 0.1349, 0.0099, 92.3000, 0.0000, -39.7000, 1.0559, 0.6589, 0.0810, 0, 0);

Сумка для сборки плодов
SetPlayerAttachedObject(playerid, 0, 18755, 1, 0.0149, -0.2590, -0.0089, -89.5999, -176.6999, 1.6000, 0.1549, 0.0899, 0.0739, 0, 0);

Кейс
SetPlayerAttachedObject(playerid, 0, 18755, 13, 0.5410, 0.0429, -0.0319, 163.7001, 179.6000, -163.1999, 0.0939, 0.1919, 0.0289, 0, 0);

Огромный кусок пиццы
SetPlayerAttachedObject(playerid, 0, 2702, 1, 0.0899, -0.0759, 0.0000, -16.5999, -36.3999, -94.9000, 3.3499, 3.4690, 2.5510, 0, 0);

Шотланка
SetPlayerAttachedObject(playerid, 0, 18968, 1, -0.3619, 0.0639, -0.0449, 0.0000, 94.1999, 0.0000, 2.2760, 2.3640, 3.4319, -65536, 0);

Пояс 14 видов
SetPlayerAttachedObject(playerid, 0, 19053, 1, 0.1189, 0.0529, -0.0170, 32.3999, -142.0999, 36.7999, 7.3049, 5.6969, 6.5249, 0, 0);
SetPlayerAttachedObject(playerid, 0, 19051, 1, 0.1189, 0.0529, -0.0170, 32.3999, -142.0999, 36.7999, 7.3049, 5.6969, 6.5249, 0, 0);
SetPlayerAttachedObject(playerid, 0, 19050, 1, 0.1189, 0.0529, -0.0170, 32.3999, -142.0999, 36.7999, 7.3049, 5.6969, 6.5249, 0, 0);
SetPlayerAttachedObject(playerid, 0, 19049, 1, 0.1189, 0.0529, -0.0170, 32.3999, -142.0999, 36.7999, 7.3049, 5.6969, 6.5249, 0, 0);
SetPlayerAttachedObject(playerid, 0, 19048, 1, 0.1189, 0.0529, -0.0170, 32.3999, -142.0999, 36.7999, 7.3049, 5.6969, 6.5249, 0, 0);
SetPlayerAttachedObject(playerid, 0, 19047, 1, 0.1189, 0.0529, -0.0170, 32.3999, -142.0999, 36.7999, 7.3049, 5.6969, 6.5249, 0, 0);
SetPlayerAttachedObject(playerid, 0, 19046, 1, 0.1189, 0.0529, -0.0170, 32.3999, -142.0999, 36.7999, 7.3049, 5.6969, 6.5249, 0, 0);
SetPlayerAttachedObject(playerid, 0, 19045, 1, 0.1189, 0.0529, -0.0170, 32.3999, -142.0999, 36.7999, 7.3049, 5.6969, 6.5249, 0, 0);
SetPlayerAttachedObject(playerid, 0, 19044, 1, 0.1189, 0.0529, -0.0170, 32.3999, -142.0999, 36.7999, 7.3049, 5.6969, 6.5249, 0, 0);
SetPlayerAttachedObject(playerid, 0, 19043, 1, 0.1189, 0.0529, -0.0170, 32.3999, -142.0999, 36.7999, 7.3049, 5.6969, 6.5249, 0, 0);
SetPlayerAttachedObject(playerid, 0, 19042, 1, 0.1189, 0.0529, -0.0170, 32.3999, -142.0999, 36.7999, 7.3049, 5.6969, 6.5249, 0, 0);
SetPlayerAttachedObject(playerid, 0, 19041, 1, 0.1189, 0.0529, -0.0170, 32.3999, -142.0999, 36.7999, 7.3049, 5.6969, 6.5249, 0, 0);
SetPlayerAttachedObject(playerid, 0, 19040, 1, 0.1189, 0.0529, -0.0170, 32.3999, -142.0999, 36.7999, 7.3049, 5.6969, 6.5249, 0, 0);
SetPlayerAttachedObject(playerid, 0, 19039, 1, 0.1189, 0.0529, -0.0170, 32.3999, -142.0999, 36.7999, 7.3049, 5.6969, 6.5249, 0, 0);

Красная кнопка на спине
SetPlayerAttachedObject(playerid, 0, 18646, 1, 0.0680, -0.1550, 0.0000, 88.5000, -4.2000, 0.0000, 2.0039, 2.1080, 0.5640, 0, 0);

Удочка электрическая
SetPlayerAttachedObject(playerid, 0, 2967, 1, -0.3160, -0.0409, 0.2169, 173.0000, -26.8999, -83.2000, 0.3330, 9.3839, 1.4820, 0, 0);

Плавник 10 видов
SetPlayerAttachedObject(playerid, 0, 18911, 1, -0.1599, -0.3249, -0.0229, 85.2999, 50.6999, 94.4999, 0.4040, 3.0519, 2.3180, 0, 0);
SetPlayerAttachedObject(playerid, 0, 18912, 1, -0.1599, -0.3249, -0.0229, 85.2999, 50.6999, 94.4999, 0.4040, 3.0519, 2.3180, 0, 0);
SetPlayerAttachedObject(playerid, 0, 18913, 1, -0.1599, -0.3249, -0.0229, 85.2999, 50.6999, 94.4999, 0.4040, 3.0519, 2.3180, 0, 0);
SetPlayerAttachedObject(playerid, 0, 18914, 1, -0.1599, -0.3249, -0.0229, 85.2999, 50.6999, 94.4999, 0.4040, 3.0519, 2.3180, 0, 0);
SetPlayerAttachedObject(playerid, 0, 18915, 1, -0.1599, -0.3249, -0.0229, 85.2999, 50.6999, 94.4999, 0.4040, 3.0519, 2.3180, 0, 0);
SetPlayerAttachedObject(playerid, 0, 18916, 1, -0.1599, -0.3249, -0.0229, 85.2999, 50.6999, 94.4999, 0.4040, 3.0519, 2.3180, 0, 0);
SetPlayerAttachedObject(playerid, 0, 18917, 1, -0.1599, -0.3249, -0.0229, 85.2999, 50.6999, 94.4999, 0.4040, 3.0519, 2.3180, 0, 0);
SetPlayerAttachedObject(playerid, 0, 18918, 1, -0.1599, -0.3249, -0.0229, 85.2999, 50.6999, 94.4999, 0.4040, 3.0519, 2.3180, 0, 0);
SetPlayerAttachedObject(playerid, 0, 18919, 1, -0.1599, -0.3249, -0.0229, 85.2999, 50.6999, 94.4999, 0.4040, 3.0519, 2.3180, 0, 0);
SetPlayerAttachedObject(playerid, 0, 18920, 1, -0.1599, -0.3249, -0.0229, 85.2999, 50.6999, 94.4999, 0.4040, 3.0519, 2.3180, 0, 0);

Корзина для урожая
SetPlayerAttachedObject(playerid, 0, 19553, 1, 0.0030, -0.1899, 0.0000, -93.2999, -176.0998, 0.4000, 5.8319, 1.9809, 1.1649, 0, 0);

Черный ящик
SetPlayerAttachedObject(playerid, 0, 19918, 1, -0.2619, -0.2149, 0.0000, 0.0000, 86.6999, 0.0000, 1.3329, 1.0000, 2.6169, 0, 0);

Копье с длинным лезвием
SetPlayerAttachedObject(playerid, 0, 344, 1, 0.4279, -0.1319, -0.1299, 0.0000, 127.4999, 0.0000, 0.8629, 0.7940, 5.8750, 0, 0);

Очки из Назад в будущее
Красные
SetPlayerAttachedObject(playerid, 0, 1877, 2, 0.0799, 0.0399, -0.0049, 90.5999, 85.2999, -85.9000, 0.5220, 0.5720, 0.0769, 0, 0);
Желтые
SetPlayerAttachedObject(playerid, 0, 1878, 2, 0.0799, 0.0399, -0.0049, 90.5999, 85.2999, -85.9000, 0.5220, 0.5720, 0.0769, 0, 0);
Зеленые
SetPlayerAttachedObject(playerid, 0, 1879, 2, 0.0799, 0.0399, -0.0049, 90.5999, 85.2999, -85.9000, 0.5220, 0.5720, 0.0769, 0, 0);
Синие
SetPlayerAttachedObject(playerid, 0, 1880, 2, 0.0799, 0.0399, -0.0049, 90.5999, 85.2999, -85.9000, 0.5220, 0.5720, 0.0769, 0, 0);
Розовые
SetPlayerAttachedObject(playerid, 0, 1881, 2, 0.0799, 0.0399, -0.0049, 90.5999, 85.2999, -85.9000, 0.5220, 0.5720, 0.0769, 0, 0);
Феолетовые
SetPlayerAttachedObject(playerid, 0, 1882, 2, 0.0799, 0.0399, -0.0049, 90.5999, 85.2999, -85.9000, 0.5220, 0.5720, 0.0769, 0, 0);

Рюкзаки будущего
SetPlayerAttachedObject(playerid, 0, 3803, 1, -0.0140, -0.1809, 0.0000, -2.1999, 88.6999, -90.1000, 2.2760, 0.8939, 1.3789, 0, 0);
SetPlayerAttachedObject(playerid, 0, 3808, 1, -0.0419, -0.1789, -0.0149, 0.0000, 87.5000, -86.0999, 1.0000, 1.0659, 1.1539, -1, 0);
SetPlayerAttachedObject(playerid, 0, 19619, 1, -0.2199, -0.4510, -0.0489, 0.0000, 0.0000, 0.0000, 0.6509, 4.3509, 0.5739, 0, 0);

Чехол для оружия
SetPlayerAttachedObject(playerid, 0, 19619, 1, 0.0829, -0.2329, -0.0489, 0.0000, -63.5999, 0.0000, 0.1139, 1.2969, 1.7679, 0, 0);
